{
 "cells": [
  {
   "cell_type": "markdown",
   "id": "2686fb3a4fefcb90",
   "metadata": {},
   "source": [
    "# Practice 0: Measurement Model\n",
    "\n",
    "## Objetives:\n",
    "1. Estimate the measurement model for Technical Quality, Financial Quality, Assistance Quality\n",
    "2. Estimate convergent validity: AVE and Composite Reliability of the dimensions.\n",
    "3. Estimate discriminant validity (square root of AVE x correlations)."
   ]
  },
  {
   "metadata": {},
   "cell_type": "markdown",
   "source": "## Data Preparation",
   "id": "ff629a8b552f2630"
  },
  {
   "metadata": {
    "ExecuteTime": {
     "end_time": "2025-06-19T18:41:09.552593Z",
     "start_time": "2025-06-19T18:41:09.531815Z"
    }
   },
   "cell_type": "code",
   "source": [
    "import pandas as pd\n",
    "import pyreadstat\n",
    "from pandas.core.interchange.dataframe_protocol import DataFrame\n",
    "\n",
    "raw_data_df, meta = pyreadstat.read_sav(\"../data/EXERCICIO_2025.sav\")\n",
    "raw_data_df.head()"
   ],
   "id": "f76fd2c9f0a24fd4",
   "outputs": [
    {
     "data": {
      "text/plain": [
       "   CASO   f1   f2   f3   f4   f5    f6    f7  P1.1_QA  P1.2_QA  ...   P7  P14  \\\n",
       "0   NaN  1.0  3.0  6.0  1.0  1.0  50.0  18.0      8.0      6.0  ...  3.0  2.0   \n",
       "1   NaN  1.0  1.0  5.0  1.0  1.0  36.0  35.0      8.0      7.0  ...  1.0  1.0   \n",
       "2   NaN  1.0  3.0  5.0  1.0  1.0  72.0  73.0     10.0     10.0  ...  2.0  2.0   \n",
       "3   NaN  1.0  3.0  9.0  1.0  1.0  24.0  27.0      6.0      6.0  ...  1.0  2.0   \n",
       "4   NaN  1.0  4.0  9.0  1.0  1.0  72.0  24.0      2.0      5.0  ...  2.0  1.0   \n",
       "\n",
       "     ltv2  tempo  clsocial  SATIS  LEAL  ATEND        FIN   TEC  \n",
       "0  1373.0   61.0       5.0   6.50   6.2    7.2   9.333333  8.50  \n",
       "1  1002.0   47.0       5.0   5.50   4.4    6.8   6.666667  8.00  \n",
       "2  2097.0   83.0       5.0   7.50   8.0    9.6  10.000000  8.00  \n",
       "3   802.0   35.0       4.0   6.25   6.2    6.4   7.666667  6.50  \n",
       "4  4835.0   78.0       4.0   5.25   4.4    4.4   5.666667  5.75  \n",
       "\n",
       "[5 rows x 45 columns]"
      ],
      "text/html": [
       "<div>\n",
       "<style scoped>\n",
       "    .dataframe tbody tr th:only-of-type {\n",
       "        vertical-align: middle;\n",
       "    }\n",
       "\n",
       "    .dataframe tbody tr th {\n",
       "        vertical-align: top;\n",
       "    }\n",
       "\n",
       "    .dataframe thead th {\n",
       "        text-align: right;\n",
       "    }\n",
       "</style>\n",
       "<table border=\"1\" class=\"dataframe\">\n",
       "  <thead>\n",
       "    <tr style=\"text-align: right;\">\n",
       "      <th></th>\n",
       "      <th>CASO</th>\n",
       "      <th>f1</th>\n",
       "      <th>f2</th>\n",
       "      <th>f3</th>\n",
       "      <th>f4</th>\n",
       "      <th>f5</th>\n",
       "      <th>f6</th>\n",
       "      <th>f7</th>\n",
       "      <th>P1.1_QA</th>\n",
       "      <th>P1.2_QA</th>\n",
       "      <th>...</th>\n",
       "      <th>P7</th>\n",
       "      <th>P14</th>\n",
       "      <th>ltv2</th>\n",
       "      <th>tempo</th>\n",
       "      <th>clsocial</th>\n",
       "      <th>SATIS</th>\n",
       "      <th>LEAL</th>\n",
       "      <th>ATEND</th>\n",
       "      <th>FIN</th>\n",
       "      <th>TEC</th>\n",
       "    </tr>\n",
       "  </thead>\n",
       "  <tbody>\n",
       "    <tr>\n",
       "      <th>0</th>\n",
       "      <td>NaN</td>\n",
       "      <td>1.0</td>\n",
       "      <td>3.0</td>\n",
       "      <td>6.0</td>\n",
       "      <td>1.0</td>\n",
       "      <td>1.0</td>\n",
       "      <td>50.0</td>\n",
       "      <td>18.0</td>\n",
       "      <td>8.0</td>\n",
       "      <td>6.0</td>\n",
       "      <td>...</td>\n",
       "      <td>3.0</td>\n",
       "      <td>2.0</td>\n",
       "      <td>1373.0</td>\n",
       "      <td>61.0</td>\n",
       "      <td>5.0</td>\n",
       "      <td>6.50</td>\n",
       "      <td>6.2</td>\n",
       "      <td>7.2</td>\n",
       "      <td>9.333333</td>\n",
       "      <td>8.50</td>\n",
       "    </tr>\n",
       "    <tr>\n",
       "      <th>1</th>\n",
       "      <td>NaN</td>\n",
       "      <td>1.0</td>\n",
       "      <td>1.0</td>\n",
       "      <td>5.0</td>\n",
       "      <td>1.0</td>\n",
       "      <td>1.0</td>\n",
       "      <td>36.0</td>\n",
       "      <td>35.0</td>\n",
       "      <td>8.0</td>\n",
       "      <td>7.0</td>\n",
       "      <td>...</td>\n",
       "      <td>1.0</td>\n",
       "      <td>1.0</td>\n",
       "      <td>1002.0</td>\n",
       "      <td>47.0</td>\n",
       "      <td>5.0</td>\n",
       "      <td>5.50</td>\n",
       "      <td>4.4</td>\n",
       "      <td>6.8</td>\n",
       "      <td>6.666667</td>\n",
       "      <td>8.00</td>\n",
       "    </tr>\n",
       "    <tr>\n",
       "      <th>2</th>\n",
       "      <td>NaN</td>\n",
       "      <td>1.0</td>\n",
       "      <td>3.0</td>\n",
       "      <td>5.0</td>\n",
       "      <td>1.0</td>\n",
       "      <td>1.0</td>\n",
       "      <td>72.0</td>\n",
       "      <td>73.0</td>\n",
       "      <td>10.0</td>\n",
       "      <td>10.0</td>\n",
       "      <td>...</td>\n",
       "      <td>2.0</td>\n",
       "      <td>2.0</td>\n",
       "      <td>2097.0</td>\n",
       "      <td>83.0</td>\n",
       "      <td>5.0</td>\n",
       "      <td>7.50</td>\n",
       "      <td>8.0</td>\n",
       "      <td>9.6</td>\n",
       "      <td>10.000000</td>\n",
       "      <td>8.00</td>\n",
       "    </tr>\n",
       "    <tr>\n",
       "      <th>3</th>\n",
       "      <td>NaN</td>\n",
       "      <td>1.0</td>\n",
       "      <td>3.0</td>\n",
       "      <td>9.0</td>\n",
       "      <td>1.0</td>\n",
       "      <td>1.0</td>\n",
       "      <td>24.0</td>\n",
       "      <td>27.0</td>\n",
       "      <td>6.0</td>\n",
       "      <td>6.0</td>\n",
       "      <td>...</td>\n",
       "      <td>1.0</td>\n",
       "      <td>2.0</td>\n",
       "      <td>802.0</td>\n",
       "      <td>35.0</td>\n",
       "      <td>4.0</td>\n",
       "      <td>6.25</td>\n",
       "      <td>6.2</td>\n",
       "      <td>6.4</td>\n",
       "      <td>7.666667</td>\n",
       "      <td>6.50</td>\n",
       "    </tr>\n",
       "    <tr>\n",
       "      <th>4</th>\n",
       "      <td>NaN</td>\n",
       "      <td>1.0</td>\n",
       "      <td>4.0</td>\n",
       "      <td>9.0</td>\n",
       "      <td>1.0</td>\n",
       "      <td>1.0</td>\n",
       "      <td>72.0</td>\n",
       "      <td>24.0</td>\n",
       "      <td>2.0</td>\n",
       "      <td>5.0</td>\n",
       "      <td>...</td>\n",
       "      <td>2.0</td>\n",
       "      <td>1.0</td>\n",
       "      <td>4835.0</td>\n",
       "      <td>78.0</td>\n",
       "      <td>4.0</td>\n",
       "      <td>5.25</td>\n",
       "      <td>4.4</td>\n",
       "      <td>4.4</td>\n",
       "      <td>5.666667</td>\n",
       "      <td>5.75</td>\n",
       "    </tr>\n",
       "  </tbody>\n",
       "</table>\n",
       "<p>5 rows × 45 columns</p>\n",
       "</div>"
      ]
     },
     "execution_count": 325,
     "metadata": {},
     "output_type": "execute_result"
    }
   ],
   "execution_count": 325
  },
  {
   "cell_type": "code",
   "id": "17ed44e012385cbc",
   "metadata": {
    "ExecuteTime": {
     "end_time": "2025-06-19T18:41:09.620372Z",
     "start_time": "2025-06-19T18:41:09.607729Z"
    }
   },
   "source": [
    "columns_to_filter = [\n",
    "    'P1.1_QA', 'P1.2_QA', 'P1.3_QA', 'P1.4_QA', 'P1.5_QA', 'P1.15_QA', 'P1.16_QA', 'P1.17_QA',\n",
    "    'P1.6_QC', 'P1.7_QC', 'P1.8_QC', 'P1.9_QC',\n",
    "    'P1.10_QT', 'P1.11_QT', 'P1.12_QT', 'P1.13_QT', 'P1.14_QT',\n",
    "]\n",
    "\n",
    "clean_df = raw_data_df[columns_to_filter].copy()\n",
    "\n",
    "clean_df.rename(columns=lambda c: c.replace('.', '_'), inplace=True)\n",
    "clean_df.rename(columns=lambda c: c.replace('C', 'F'), inplace=True)\n",
    "print(raw_data_df.shape)\n",
    "print(clean_df.shape)\n",
    "print(clean_df.isnull().sum())"
   ],
   "outputs": [
    {
     "name": "stdout",
     "output_type": "stream",
     "text": [
      "(493, 45)\n",
      "(493, 17)\n",
      "P1_1_QA     0\n",
      "P1_2_QA     0\n",
      "P1_3_QA     0\n",
      "P1_4_QA     0\n",
      "P1_5_QA     0\n",
      "P1_15_QA    0\n",
      "P1_16_QA    0\n",
      "P1_17_QA    0\n",
      "P1_6_QF     0\n",
      "P1_7_QF     0\n",
      "P1_8_QF     0\n",
      "P1_9_QF     0\n",
      "P1_10_QT    0\n",
      "P1_11_QT    0\n",
      "P1_12_QT    0\n",
      "P1_13_QT    0\n",
      "P1_14_QT    0\n",
      "dtype: int64\n"
     ]
    }
   ],
   "execution_count": 326
  },
  {
   "metadata": {},
   "cell_type": "markdown",
   "source": "## Normality check",
   "id": "d87863dd995efc00"
  },
  {
   "metadata": {},
   "cell_type": "markdown",
   "source": [
    "### Univariate Normality\n",
    "\n",
    "Skewness between -2 and +2 (George & Mallery (2010))\n",
    "\n",
    "Excess Kurtosis between -7 and +7 (West, Finch, & Curran (1995))"
   ],
   "id": "4819a34efc807ec2"
  },
  {
   "metadata": {
    "ExecuteTime": {
     "end_time": "2025-06-19T18:41:09.759460Z",
     "start_time": "2025-06-19T18:41:09.737915Z"
    }
   },
   "cell_type": "code",
   "source": [
    "from scipy.stats import skew, kurtosis\n",
    "import pandas as pd\n",
    "\n",
    "normality_results = []\n",
    "\n",
    "for column in clean_df.columns:\n",
    "    data = clean_df[column].dropna()\n",
    "    skewness = skew(data)\n",
    "    excess_kurtosis = kurtosis(data, fisher=True)\n",
    "    normality_results.append({\n",
    "        'Variable': column,\n",
    "        'Skewness': skewness,\n",
    "        'Excess_Kurtosis': excess_kurtosis\n",
    "    })\n",
    "\n",
    "normality_df = pd.DataFrame(normality_results)\n",
    "normality_df"
   ],
   "id": "56670d57923cdca0",
   "outputs": [
    {
     "data": {
      "text/plain": [
       "    Variable  Skewness  Excess_Kurtosis\n",
       "0    P1_1_QA -0.556369        -0.121009\n",
       "1    P1_2_QA -0.541955         0.018259\n",
       "2    P1_3_QA -0.531412         0.112580\n",
       "3    P1_4_QA -0.257074        -0.868357\n",
       "4    P1_5_QA -0.354785        -0.628781\n",
       "5   P1_15_QA -0.379107        -0.067594\n",
       "6   P1_16_QA -0.426753        -0.166406\n",
       "7   P1_17_QA -0.659882         0.806470\n",
       "8    P1_6_QF -1.019583         1.334556\n",
       "9    P1_7_QF -0.960815         0.685479\n",
       "10   P1_8_QF -0.580456        -0.236315\n",
       "11   P1_9_QF -0.833045         0.463907\n",
       "12  P1_10_QT -0.696651        -0.166048\n",
       "13  P1_11_QT -0.799100         0.298850\n",
       "14  P1_12_QT -0.842580         0.746059\n",
       "15  P1_13_QT -0.869187         0.620861\n",
       "16  P1_14_QT -0.414213        -0.404401"
      ],
      "text/html": [
       "<div>\n",
       "<style scoped>\n",
       "    .dataframe tbody tr th:only-of-type {\n",
       "        vertical-align: middle;\n",
       "    }\n",
       "\n",
       "    .dataframe tbody tr th {\n",
       "        vertical-align: top;\n",
       "    }\n",
       "\n",
       "    .dataframe thead th {\n",
       "        text-align: right;\n",
       "    }\n",
       "</style>\n",
       "<table border=\"1\" class=\"dataframe\">\n",
       "  <thead>\n",
       "    <tr style=\"text-align: right;\">\n",
       "      <th></th>\n",
       "      <th>Variable</th>\n",
       "      <th>Skewness</th>\n",
       "      <th>Excess_Kurtosis</th>\n",
       "    </tr>\n",
       "  </thead>\n",
       "  <tbody>\n",
       "    <tr>\n",
       "      <th>0</th>\n",
       "      <td>P1_1_QA</td>\n",
       "      <td>-0.556369</td>\n",
       "      <td>-0.121009</td>\n",
       "    </tr>\n",
       "    <tr>\n",
       "      <th>1</th>\n",
       "      <td>P1_2_QA</td>\n",
       "      <td>-0.541955</td>\n",
       "      <td>0.018259</td>\n",
       "    </tr>\n",
       "    <tr>\n",
       "      <th>2</th>\n",
       "      <td>P1_3_QA</td>\n",
       "      <td>-0.531412</td>\n",
       "      <td>0.112580</td>\n",
       "    </tr>\n",
       "    <tr>\n",
       "      <th>3</th>\n",
       "      <td>P1_4_QA</td>\n",
       "      <td>-0.257074</td>\n",
       "      <td>-0.868357</td>\n",
       "    </tr>\n",
       "    <tr>\n",
       "      <th>4</th>\n",
       "      <td>P1_5_QA</td>\n",
       "      <td>-0.354785</td>\n",
       "      <td>-0.628781</td>\n",
       "    </tr>\n",
       "    <tr>\n",
       "      <th>5</th>\n",
       "      <td>P1_15_QA</td>\n",
       "      <td>-0.379107</td>\n",
       "      <td>-0.067594</td>\n",
       "    </tr>\n",
       "    <tr>\n",
       "      <th>6</th>\n",
       "      <td>P1_16_QA</td>\n",
       "      <td>-0.426753</td>\n",
       "      <td>-0.166406</td>\n",
       "    </tr>\n",
       "    <tr>\n",
       "      <th>7</th>\n",
       "      <td>P1_17_QA</td>\n",
       "      <td>-0.659882</td>\n",
       "      <td>0.806470</td>\n",
       "    </tr>\n",
       "    <tr>\n",
       "      <th>8</th>\n",
       "      <td>P1_6_QF</td>\n",
       "      <td>-1.019583</td>\n",
       "      <td>1.334556</td>\n",
       "    </tr>\n",
       "    <tr>\n",
       "      <th>9</th>\n",
       "      <td>P1_7_QF</td>\n",
       "      <td>-0.960815</td>\n",
       "      <td>0.685479</td>\n",
       "    </tr>\n",
       "    <tr>\n",
       "      <th>10</th>\n",
       "      <td>P1_8_QF</td>\n",
       "      <td>-0.580456</td>\n",
       "      <td>-0.236315</td>\n",
       "    </tr>\n",
       "    <tr>\n",
       "      <th>11</th>\n",
       "      <td>P1_9_QF</td>\n",
       "      <td>-0.833045</td>\n",
       "      <td>0.463907</td>\n",
       "    </tr>\n",
       "    <tr>\n",
       "      <th>12</th>\n",
       "      <td>P1_10_QT</td>\n",
       "      <td>-0.696651</td>\n",
       "      <td>-0.166048</td>\n",
       "    </tr>\n",
       "    <tr>\n",
       "      <th>13</th>\n",
       "      <td>P1_11_QT</td>\n",
       "      <td>-0.799100</td>\n",
       "      <td>0.298850</td>\n",
       "    </tr>\n",
       "    <tr>\n",
       "      <th>14</th>\n",
       "      <td>P1_12_QT</td>\n",
       "      <td>-0.842580</td>\n",
       "      <td>0.746059</td>\n",
       "    </tr>\n",
       "    <tr>\n",
       "      <th>15</th>\n",
       "      <td>P1_13_QT</td>\n",
       "      <td>-0.869187</td>\n",
       "      <td>0.620861</td>\n",
       "    </tr>\n",
       "    <tr>\n",
       "      <th>16</th>\n",
       "      <td>P1_14_QT</td>\n",
       "      <td>-0.414213</td>\n",
       "      <td>-0.404401</td>\n",
       "    </tr>\n",
       "  </tbody>\n",
       "</table>\n",
       "</div>"
      ]
     },
     "execution_count": 327,
     "metadata": {},
     "output_type": "execute_result"
    }
   ],
   "execution_count": 327
  },
  {
   "metadata": {},
   "cell_type": "markdown",
   "source": "### Multivariate normality",
   "id": "196dbc988d437d61"
  },
  {
   "metadata": {
    "ExecuteTime": {
     "end_time": "2025-06-19T18:41:09.868971Z",
     "start_time": "2025-06-19T18:41:09.859485Z"
    }
   },
   "cell_type": "code",
   "source": [
    "from pingouin import multivariate_normality\n",
    "\n",
    "result = multivariate_normality(clean_df, alpha=0.05)\n",
    "result"
   ],
   "id": "60293dcdc64a435b",
   "outputs": [
    {
     "data": {
      "text/plain": [
       "HZResults(hz=np.float64(1.6342174010427282), pval=np.float64(0.0), normal=False)"
      ]
     },
     "execution_count": 328,
     "metadata": {},
     "output_type": "execute_result"
    }
   ],
   "execution_count": 328
  },
  {
   "metadata": {},
   "cell_type": "markdown",
   "source": [
    "Given the observed violation of multivariate normality and considering the available estimation methods in semopy, the MLW estimator (Maximum Likelihood with Wishart correction) was retained for this analysis. This decision was made to maintain compatibility with the class exercise requirements, as the original analysis conducted in AMOS (which also uses a covariance-based Maximum Likelihood estimation) served as the reference point for this study.\n",
    "\n",
    "Standard errors were calculated using semopy's `se_robust=True` option,\n",
    "which provides robust (sandwich-adjusted) standard errors to partially compensate for the effects of non-normality.\n",
    "However, it is important to note that semopy does not produce robust fit indices (robust CFI or robust RMSEA).\n",
    "If the data violates multivariate normality,\n",
    "and robust fit indices or more advanced corrections (MLR or bootstrapping) are required,\n",
    "it is recommended to use another lib/software."
   ],
   "id": "5bd245b636c2a2c0"
  },
  {
   "metadata": {},
   "cell_type": "markdown",
   "source": [
    "## Iter-item correlation\n",
    "$r_{ij} < 0.85$"
   ],
   "id": "6ecb9c5641be7f22"
  },
  {
   "metadata": {
    "ExecuteTime": {
     "end_time": "2025-06-19T18:41:09.972451Z",
     "start_time": "2025-06-19T18:41:09.947868Z"
    }
   },
   "cell_type": "code",
   "source": [
    "inter_item_correlation_df = clean_df.corr(method='pearson')\n",
    "inter_item_correlation_df"
   ],
   "id": "2c8c745c3ce07da6",
   "outputs": [
    {
     "data": {
      "text/plain": [
       "           P1_1_QA   P1_2_QA   P1_3_QA   P1_4_QA   P1_5_QA  P1_15_QA  \\\n",
       "P1_1_QA   1.000000  0.661332  0.534278  0.602859  0.658811  0.434899   \n",
       "P1_2_QA   0.661332  1.000000  0.643198  0.499956  0.522221  0.431816   \n",
       "P1_3_QA   0.534278  0.643198  1.000000  0.459883  0.509889  0.425414   \n",
       "P1_4_QA   0.602859  0.499956  0.459883  1.000000  0.735618  0.480423   \n",
       "P1_5_QA   0.658811  0.522221  0.509889  0.735618  1.000000  0.467172   \n",
       "P1_15_QA  0.434899  0.431816  0.425414  0.480423  0.467172  1.000000   \n",
       "P1_16_QA  0.451215  0.476055  0.423210  0.454022  0.462640  0.720676   \n",
       "P1_17_QA  0.406042  0.437149  0.348214  0.407318  0.417769  0.546041   \n",
       "P1_6_QF   0.245193  0.276239  0.279875  0.310402  0.273472  0.381422   \n",
       "P1_7_QF   0.238494  0.303714  0.227986  0.241774  0.275913  0.399804   \n",
       "P1_8_QF   0.317174  0.295396  0.262419  0.303323  0.361769  0.384241   \n",
       "P1_9_QF   0.277471  0.281422  0.277894  0.272634  0.277356  0.301476   \n",
       "P1_10_QT  0.296902  0.280374  0.228414  0.233460  0.280138  0.331869   \n",
       "P1_11_QT  0.308657  0.286140  0.236874  0.278539  0.310148  0.389861   \n",
       "P1_12_QT  0.353327  0.311400  0.254631  0.292709  0.310326  0.351914   \n",
       "P1_13_QT  0.326237  0.301697  0.247196  0.268621  0.261770  0.398005   \n",
       "P1_14_QT  0.345062  0.329955  0.296905  0.374255  0.353463  0.617947   \n",
       "\n",
       "          P1_16_QA  P1_17_QA   P1_6_QF   P1_7_QF   P1_8_QF   P1_9_QF  \\\n",
       "P1_1_QA   0.451215  0.406042  0.245193  0.238494  0.317174  0.277471   \n",
       "P1_2_QA   0.476055  0.437149  0.276239  0.303714  0.295396  0.281422   \n",
       "P1_3_QA   0.423210  0.348214  0.279875  0.227986  0.262419  0.277894   \n",
       "P1_4_QA   0.454022  0.407318  0.310402  0.241774  0.303323  0.272634   \n",
       "P1_5_QA   0.462640  0.417769  0.273472  0.275913  0.361769  0.277356   \n",
       "P1_15_QA  0.720676  0.546041  0.381422  0.399804  0.384241  0.301476   \n",
       "P1_16_QA  1.000000  0.685295  0.284075  0.278093  0.406555  0.363659   \n",
       "P1_17_QA  0.685295  1.000000  0.334516  0.326088  0.404579  0.396845   \n",
       "P1_6_QF   0.284075  0.334516  1.000000  0.580844  0.326397  0.372407   \n",
       "P1_7_QF   0.278093  0.326088  0.580844  1.000000  0.538021  0.228931   \n",
       "P1_8_QF   0.406555  0.404579  0.326397  0.538021  1.000000  0.402185   \n",
       "P1_9_QF   0.363659  0.396845  0.372407  0.228931  0.402185  1.000000   \n",
       "P1_10_QT  0.376687  0.446122  0.310095  0.295129  0.301136  0.378157   \n",
       "P1_11_QT  0.388482  0.464343  0.291510  0.310616  0.341737  0.330780   \n",
       "P1_12_QT  0.342227  0.430623  0.289075  0.273384  0.315694  0.319675   \n",
       "P1_13_QT  0.327560  0.356566  0.295441  0.421604  0.350804  0.235158   \n",
       "P1_14_QT  0.497237  0.429006  0.268223  0.321051  0.327522  0.310389   \n",
       "\n",
       "          P1_10_QT  P1_11_QT  P1_12_QT  P1_13_QT  P1_14_QT  \n",
       "P1_1_QA   0.296902  0.308657  0.353327  0.326237  0.345062  \n",
       "P1_2_QA   0.280374  0.286140  0.311400  0.301697  0.329955  \n",
       "P1_3_QA   0.228414  0.236874  0.254631  0.247196  0.296905  \n",
       "P1_4_QA   0.233460  0.278539  0.292709  0.268621  0.374255  \n",
       "P1_5_QA   0.280138  0.310148  0.310326  0.261770  0.353463  \n",
       "P1_15_QA  0.331869  0.389861  0.351914  0.398005  0.617947  \n",
       "P1_16_QA  0.376687  0.388482  0.342227  0.327560  0.497237  \n",
       "P1_17_QA  0.446122  0.464343  0.430623  0.356566  0.429006  \n",
       "P1_6_QF   0.310095  0.291510  0.289075  0.295441  0.268223  \n",
       "P1_7_QF   0.295129  0.310616  0.273384  0.421604  0.321051  \n",
       "P1_8_QF   0.301136  0.341737  0.315694  0.350804  0.327522  \n",
       "P1_9_QF   0.378157  0.330780  0.319675  0.235158  0.310389  \n",
       "P1_10_QT  1.000000  0.635512  0.523876  0.468453  0.465198  \n",
       "P1_11_QT  0.635512  1.000000  0.744353  0.662304  0.534181  \n",
       "P1_12_QT  0.523876  0.744353  1.000000  0.633902  0.533570  \n",
       "P1_13_QT  0.468453  0.662304  0.633902  1.000000  0.537384  \n",
       "P1_14_QT  0.465198  0.534181  0.533570  0.537384  1.000000  "
      ],
      "text/html": [
       "<div>\n",
       "<style scoped>\n",
       "    .dataframe tbody tr th:only-of-type {\n",
       "        vertical-align: middle;\n",
       "    }\n",
       "\n",
       "    .dataframe tbody tr th {\n",
       "        vertical-align: top;\n",
       "    }\n",
       "\n",
       "    .dataframe thead th {\n",
       "        text-align: right;\n",
       "    }\n",
       "</style>\n",
       "<table border=\"1\" class=\"dataframe\">\n",
       "  <thead>\n",
       "    <tr style=\"text-align: right;\">\n",
       "      <th></th>\n",
       "      <th>P1_1_QA</th>\n",
       "      <th>P1_2_QA</th>\n",
       "      <th>P1_3_QA</th>\n",
       "      <th>P1_4_QA</th>\n",
       "      <th>P1_5_QA</th>\n",
       "      <th>P1_15_QA</th>\n",
       "      <th>P1_16_QA</th>\n",
       "      <th>P1_17_QA</th>\n",
       "      <th>P1_6_QF</th>\n",
       "      <th>P1_7_QF</th>\n",
       "      <th>P1_8_QF</th>\n",
       "      <th>P1_9_QF</th>\n",
       "      <th>P1_10_QT</th>\n",
       "      <th>P1_11_QT</th>\n",
       "      <th>P1_12_QT</th>\n",
       "      <th>P1_13_QT</th>\n",
       "      <th>P1_14_QT</th>\n",
       "    </tr>\n",
       "  </thead>\n",
       "  <tbody>\n",
       "    <tr>\n",
       "      <th>P1_1_QA</th>\n",
       "      <td>1.000000</td>\n",
       "      <td>0.661332</td>\n",
       "      <td>0.534278</td>\n",
       "      <td>0.602859</td>\n",
       "      <td>0.658811</td>\n",
       "      <td>0.434899</td>\n",
       "      <td>0.451215</td>\n",
       "      <td>0.406042</td>\n",
       "      <td>0.245193</td>\n",
       "      <td>0.238494</td>\n",
       "      <td>0.317174</td>\n",
       "      <td>0.277471</td>\n",
       "      <td>0.296902</td>\n",
       "      <td>0.308657</td>\n",
       "      <td>0.353327</td>\n",
       "      <td>0.326237</td>\n",
       "      <td>0.345062</td>\n",
       "    </tr>\n",
       "    <tr>\n",
       "      <th>P1_2_QA</th>\n",
       "      <td>0.661332</td>\n",
       "      <td>1.000000</td>\n",
       "      <td>0.643198</td>\n",
       "      <td>0.499956</td>\n",
       "      <td>0.522221</td>\n",
       "      <td>0.431816</td>\n",
       "      <td>0.476055</td>\n",
       "      <td>0.437149</td>\n",
       "      <td>0.276239</td>\n",
       "      <td>0.303714</td>\n",
       "      <td>0.295396</td>\n",
       "      <td>0.281422</td>\n",
       "      <td>0.280374</td>\n",
       "      <td>0.286140</td>\n",
       "      <td>0.311400</td>\n",
       "      <td>0.301697</td>\n",
       "      <td>0.329955</td>\n",
       "    </tr>\n",
       "    <tr>\n",
       "      <th>P1_3_QA</th>\n",
       "      <td>0.534278</td>\n",
       "      <td>0.643198</td>\n",
       "      <td>1.000000</td>\n",
       "      <td>0.459883</td>\n",
       "      <td>0.509889</td>\n",
       "      <td>0.425414</td>\n",
       "      <td>0.423210</td>\n",
       "      <td>0.348214</td>\n",
       "      <td>0.279875</td>\n",
       "      <td>0.227986</td>\n",
       "      <td>0.262419</td>\n",
       "      <td>0.277894</td>\n",
       "      <td>0.228414</td>\n",
       "      <td>0.236874</td>\n",
       "      <td>0.254631</td>\n",
       "      <td>0.247196</td>\n",
       "      <td>0.296905</td>\n",
       "    </tr>\n",
       "    <tr>\n",
       "      <th>P1_4_QA</th>\n",
       "      <td>0.602859</td>\n",
       "      <td>0.499956</td>\n",
       "      <td>0.459883</td>\n",
       "      <td>1.000000</td>\n",
       "      <td>0.735618</td>\n",
       "      <td>0.480423</td>\n",
       "      <td>0.454022</td>\n",
       "      <td>0.407318</td>\n",
       "      <td>0.310402</td>\n",
       "      <td>0.241774</td>\n",
       "      <td>0.303323</td>\n",
       "      <td>0.272634</td>\n",
       "      <td>0.233460</td>\n",
       "      <td>0.278539</td>\n",
       "      <td>0.292709</td>\n",
       "      <td>0.268621</td>\n",
       "      <td>0.374255</td>\n",
       "    </tr>\n",
       "    <tr>\n",
       "      <th>P1_5_QA</th>\n",
       "      <td>0.658811</td>\n",
       "      <td>0.522221</td>\n",
       "      <td>0.509889</td>\n",
       "      <td>0.735618</td>\n",
       "      <td>1.000000</td>\n",
       "      <td>0.467172</td>\n",
       "      <td>0.462640</td>\n",
       "      <td>0.417769</td>\n",
       "      <td>0.273472</td>\n",
       "      <td>0.275913</td>\n",
       "      <td>0.361769</td>\n",
       "      <td>0.277356</td>\n",
       "      <td>0.280138</td>\n",
       "      <td>0.310148</td>\n",
       "      <td>0.310326</td>\n",
       "      <td>0.261770</td>\n",
       "      <td>0.353463</td>\n",
       "    </tr>\n",
       "    <tr>\n",
       "      <th>P1_15_QA</th>\n",
       "      <td>0.434899</td>\n",
       "      <td>0.431816</td>\n",
       "      <td>0.425414</td>\n",
       "      <td>0.480423</td>\n",
       "      <td>0.467172</td>\n",
       "      <td>1.000000</td>\n",
       "      <td>0.720676</td>\n",
       "      <td>0.546041</td>\n",
       "      <td>0.381422</td>\n",
       "      <td>0.399804</td>\n",
       "      <td>0.384241</td>\n",
       "      <td>0.301476</td>\n",
       "      <td>0.331869</td>\n",
       "      <td>0.389861</td>\n",
       "      <td>0.351914</td>\n",
       "      <td>0.398005</td>\n",
       "      <td>0.617947</td>\n",
       "    </tr>\n",
       "    <tr>\n",
       "      <th>P1_16_QA</th>\n",
       "      <td>0.451215</td>\n",
       "      <td>0.476055</td>\n",
       "      <td>0.423210</td>\n",
       "      <td>0.454022</td>\n",
       "      <td>0.462640</td>\n",
       "      <td>0.720676</td>\n",
       "      <td>1.000000</td>\n",
       "      <td>0.685295</td>\n",
       "      <td>0.284075</td>\n",
       "      <td>0.278093</td>\n",
       "      <td>0.406555</td>\n",
       "      <td>0.363659</td>\n",
       "      <td>0.376687</td>\n",
       "      <td>0.388482</td>\n",
       "      <td>0.342227</td>\n",
       "      <td>0.327560</td>\n",
       "      <td>0.497237</td>\n",
       "    </tr>\n",
       "    <tr>\n",
       "      <th>P1_17_QA</th>\n",
       "      <td>0.406042</td>\n",
       "      <td>0.437149</td>\n",
       "      <td>0.348214</td>\n",
       "      <td>0.407318</td>\n",
       "      <td>0.417769</td>\n",
       "      <td>0.546041</td>\n",
       "      <td>0.685295</td>\n",
       "      <td>1.000000</td>\n",
       "      <td>0.334516</td>\n",
       "      <td>0.326088</td>\n",
       "      <td>0.404579</td>\n",
       "      <td>0.396845</td>\n",
       "      <td>0.446122</td>\n",
       "      <td>0.464343</td>\n",
       "      <td>0.430623</td>\n",
       "      <td>0.356566</td>\n",
       "      <td>0.429006</td>\n",
       "    </tr>\n",
       "    <tr>\n",
       "      <th>P1_6_QF</th>\n",
       "      <td>0.245193</td>\n",
       "      <td>0.276239</td>\n",
       "      <td>0.279875</td>\n",
       "      <td>0.310402</td>\n",
       "      <td>0.273472</td>\n",
       "      <td>0.381422</td>\n",
       "      <td>0.284075</td>\n",
       "      <td>0.334516</td>\n",
       "      <td>1.000000</td>\n",
       "      <td>0.580844</td>\n",
       "      <td>0.326397</td>\n",
       "      <td>0.372407</td>\n",
       "      <td>0.310095</td>\n",
       "      <td>0.291510</td>\n",
       "      <td>0.289075</td>\n",
       "      <td>0.295441</td>\n",
       "      <td>0.268223</td>\n",
       "    </tr>\n",
       "    <tr>\n",
       "      <th>P1_7_QF</th>\n",
       "      <td>0.238494</td>\n",
       "      <td>0.303714</td>\n",
       "      <td>0.227986</td>\n",
       "      <td>0.241774</td>\n",
       "      <td>0.275913</td>\n",
       "      <td>0.399804</td>\n",
       "      <td>0.278093</td>\n",
       "      <td>0.326088</td>\n",
       "      <td>0.580844</td>\n",
       "      <td>1.000000</td>\n",
       "      <td>0.538021</td>\n",
       "      <td>0.228931</td>\n",
       "      <td>0.295129</td>\n",
       "      <td>0.310616</td>\n",
       "      <td>0.273384</td>\n",
       "      <td>0.421604</td>\n",
       "      <td>0.321051</td>\n",
       "    </tr>\n",
       "    <tr>\n",
       "      <th>P1_8_QF</th>\n",
       "      <td>0.317174</td>\n",
       "      <td>0.295396</td>\n",
       "      <td>0.262419</td>\n",
       "      <td>0.303323</td>\n",
       "      <td>0.361769</td>\n",
       "      <td>0.384241</td>\n",
       "      <td>0.406555</td>\n",
       "      <td>0.404579</td>\n",
       "      <td>0.326397</td>\n",
       "      <td>0.538021</td>\n",
       "      <td>1.000000</td>\n",
       "      <td>0.402185</td>\n",
       "      <td>0.301136</td>\n",
       "      <td>0.341737</td>\n",
       "      <td>0.315694</td>\n",
       "      <td>0.350804</td>\n",
       "      <td>0.327522</td>\n",
       "    </tr>\n",
       "    <tr>\n",
       "      <th>P1_9_QF</th>\n",
       "      <td>0.277471</td>\n",
       "      <td>0.281422</td>\n",
       "      <td>0.277894</td>\n",
       "      <td>0.272634</td>\n",
       "      <td>0.277356</td>\n",
       "      <td>0.301476</td>\n",
       "      <td>0.363659</td>\n",
       "      <td>0.396845</td>\n",
       "      <td>0.372407</td>\n",
       "      <td>0.228931</td>\n",
       "      <td>0.402185</td>\n",
       "      <td>1.000000</td>\n",
       "      <td>0.378157</td>\n",
       "      <td>0.330780</td>\n",
       "      <td>0.319675</td>\n",
       "      <td>0.235158</td>\n",
       "      <td>0.310389</td>\n",
       "    </tr>\n",
       "    <tr>\n",
       "      <th>P1_10_QT</th>\n",
       "      <td>0.296902</td>\n",
       "      <td>0.280374</td>\n",
       "      <td>0.228414</td>\n",
       "      <td>0.233460</td>\n",
       "      <td>0.280138</td>\n",
       "      <td>0.331869</td>\n",
       "      <td>0.376687</td>\n",
       "      <td>0.446122</td>\n",
       "      <td>0.310095</td>\n",
       "      <td>0.295129</td>\n",
       "      <td>0.301136</td>\n",
       "      <td>0.378157</td>\n",
       "      <td>1.000000</td>\n",
       "      <td>0.635512</td>\n",
       "      <td>0.523876</td>\n",
       "      <td>0.468453</td>\n",
       "      <td>0.465198</td>\n",
       "    </tr>\n",
       "    <tr>\n",
       "      <th>P1_11_QT</th>\n",
       "      <td>0.308657</td>\n",
       "      <td>0.286140</td>\n",
       "      <td>0.236874</td>\n",
       "      <td>0.278539</td>\n",
       "      <td>0.310148</td>\n",
       "      <td>0.389861</td>\n",
       "      <td>0.388482</td>\n",
       "      <td>0.464343</td>\n",
       "      <td>0.291510</td>\n",
       "      <td>0.310616</td>\n",
       "      <td>0.341737</td>\n",
       "      <td>0.330780</td>\n",
       "      <td>0.635512</td>\n",
       "      <td>1.000000</td>\n",
       "      <td>0.744353</td>\n",
       "      <td>0.662304</td>\n",
       "      <td>0.534181</td>\n",
       "    </tr>\n",
       "    <tr>\n",
       "      <th>P1_12_QT</th>\n",
       "      <td>0.353327</td>\n",
       "      <td>0.311400</td>\n",
       "      <td>0.254631</td>\n",
       "      <td>0.292709</td>\n",
       "      <td>0.310326</td>\n",
       "      <td>0.351914</td>\n",
       "      <td>0.342227</td>\n",
       "      <td>0.430623</td>\n",
       "      <td>0.289075</td>\n",
       "      <td>0.273384</td>\n",
       "      <td>0.315694</td>\n",
       "      <td>0.319675</td>\n",
       "      <td>0.523876</td>\n",
       "      <td>0.744353</td>\n",
       "      <td>1.000000</td>\n",
       "      <td>0.633902</td>\n",
       "      <td>0.533570</td>\n",
       "    </tr>\n",
       "    <tr>\n",
       "      <th>P1_13_QT</th>\n",
       "      <td>0.326237</td>\n",
       "      <td>0.301697</td>\n",
       "      <td>0.247196</td>\n",
       "      <td>0.268621</td>\n",
       "      <td>0.261770</td>\n",
       "      <td>0.398005</td>\n",
       "      <td>0.327560</td>\n",
       "      <td>0.356566</td>\n",
       "      <td>0.295441</td>\n",
       "      <td>0.421604</td>\n",
       "      <td>0.350804</td>\n",
       "      <td>0.235158</td>\n",
       "      <td>0.468453</td>\n",
       "      <td>0.662304</td>\n",
       "      <td>0.633902</td>\n",
       "      <td>1.000000</td>\n",
       "      <td>0.537384</td>\n",
       "    </tr>\n",
       "    <tr>\n",
       "      <th>P1_14_QT</th>\n",
       "      <td>0.345062</td>\n",
       "      <td>0.329955</td>\n",
       "      <td>0.296905</td>\n",
       "      <td>0.374255</td>\n",
       "      <td>0.353463</td>\n",
       "      <td>0.617947</td>\n",
       "      <td>0.497237</td>\n",
       "      <td>0.429006</td>\n",
       "      <td>0.268223</td>\n",
       "      <td>0.321051</td>\n",
       "      <td>0.327522</td>\n",
       "      <td>0.310389</td>\n",
       "      <td>0.465198</td>\n",
       "      <td>0.534181</td>\n",
       "      <td>0.533570</td>\n",
       "      <td>0.537384</td>\n",
       "      <td>1.000000</td>\n",
       "    </tr>\n",
       "  </tbody>\n",
       "</table>\n",
       "</div>"
      ]
     },
     "execution_count": 329,
     "metadata": {},
     "output_type": "execute_result"
    }
   ],
   "execution_count": 329
  },
  {
   "metadata": {},
   "cell_type": "markdown",
   "source": "## Unrefined Model",
   "id": "45517b86254ca208"
  },
  {
   "metadata": {},
   "cell_type": "markdown",
   "source": [
    "### Modeling\n",
    "Assistance Quality = QA\n",
    "\n",
    "Financial Quality = QF\n",
    "\n",
    "Technical Quality = QT"
   ],
   "id": "f23ec7aec0de173a"
  },
  {
   "metadata": {
    "ExecuteTime": {
     "end_time": "2025-06-19T18:41:10.115626Z",
     "start_time": "2025-06-19T18:41:10.090550Z"
    }
   },
   "cell_type": "code",
   "source": [
    "from semopy import Model\n",
    "\n",
    "# All Items\n",
    "# QA =~ P1_1_QA + P1_2_QA + P1_3_QA + P1_4_QA + P1_5_QA + P1_15_QA + P1_16_QA + P1_17_QA\n",
    "# QF =~ P1_6_QF + P1_7_QF + P1_8_QF + P1_9_QF\n",
    "# QT =~ P1_10_QT + P1_11_QT + P1_12_QT + P1_13_QT + P1_14_QT\n",
    "# S =~ P3_1_S + P3_2_S + P3_3_S + P3_4_S\n",
    "# L =~ P6_1_L + P6_2_L + P6_3_L + P6_4_L + P6_5_L + P6_6_L\n",
    "\n",
    "unrefined_model_description = \"\"\"\n",
    "QA =~ P1_1_QA + P1_2_QA + P1_3_QA + P1_4_QA + P1_5_QA + P1_15_QA + P1_16_QA + P1_17_QA\n",
    "QF =~ P1_6_QF + P1_7_QF + P1_8_QF + P1_9_QF\n",
    "QT =~ P1_10_QT + P1_11_QT + P1_12_QT + P1_13_QT + P1_14_QT\n",
    "\n",
    "QA ~~ QF\n",
    "QA ~~ QT\n",
    "QF ~~ QT\n",
    "\"\"\"\n",
    "\n",
    "unrefined_model = Model(unrefined_model_description)\n",
    "print(unrefined_model.fit(clean_df))"
   ],
   "id": "83223ad77c51aeb1",
   "outputs": [
    {
     "name": "stdout",
     "output_type": "stream",
     "text": [
      "Name of objective: MLW\n",
      "Optimization method: SLSQP\n",
      "Optimization successful.\n",
      "Optimization terminated successfully\n",
      "Objective value: 1.925\n",
      "Number of iterations: 40\n",
      "Params: 0.910 0.774 1.158 1.131 0.898 0.920 0.717 1.252 1.357 0.902 1.184 1.022 0.998 0.911 1.115 1.284 2.355 0.984 1.309 2.388 0.902 1.033 1.522 2.221 1.913 1.821 1.589 1.777 1.740 1.836 2.689 2.167 1.690 1.805 2.823 2.973 2.101\n"
     ]
    }
   ],
   "execution_count": 330
  },
  {
   "metadata": {},
   "cell_type": "markdown",
   "source": [
    "### Model Fit\n",
    "\n",
    "$ \\chi^{2} / df < 5$\n",
    "\n",
    "CFI, GFI, TLI > 0.9\n",
    "\n",
    "RMSEA < 0,08"
   ],
   "id": "8973ff1a83aebe5d"
  },
  {
   "metadata": {
    "ExecuteTime": {
     "end_time": "2025-06-19T18:41:10.219195Z",
     "start_time": "2025-06-19T18:41:10.201426Z"
    }
   },
   "cell_type": "code",
   "source": [
    "from semopy import calc_stats\n",
    "\n",
    "unrefined_model_stats = calc_stats(unrefined_model)\n",
    "unrefined_model_stats.T.loc[unrefined_model_stats.T.index.isin(['CFI', 'GFI', 'TLI', 'RMSEA'])]"
   ],
   "id": "ce0110acbfc960af",
   "outputs": [
    {
     "data": {
      "text/plain": [
       "          Value\n",
       "CFI    0.815828\n",
       "GFI    0.796311\n",
       "TLI    0.784074\n",
       "RMSEA  0.120829"
      ],
      "text/html": [
       "<div>\n",
       "<style scoped>\n",
       "    .dataframe tbody tr th:only-of-type {\n",
       "        vertical-align: middle;\n",
       "    }\n",
       "\n",
       "    .dataframe tbody tr th {\n",
       "        vertical-align: top;\n",
       "    }\n",
       "\n",
       "    .dataframe thead th {\n",
       "        text-align: right;\n",
       "    }\n",
       "</style>\n",
       "<table border=\"1\" class=\"dataframe\">\n",
       "  <thead>\n",
       "    <tr style=\"text-align: right;\">\n",
       "      <th></th>\n",
       "      <th>Value</th>\n",
       "    </tr>\n",
       "  </thead>\n",
       "  <tbody>\n",
       "    <tr>\n",
       "      <th>CFI</th>\n",
       "      <td>0.815828</td>\n",
       "    </tr>\n",
       "    <tr>\n",
       "      <th>GFI</th>\n",
       "      <td>0.796311</td>\n",
       "    </tr>\n",
       "    <tr>\n",
       "      <th>TLI</th>\n",
       "      <td>0.784074</td>\n",
       "    </tr>\n",
       "    <tr>\n",
       "      <th>RMSEA</th>\n",
       "      <td>0.120829</td>\n",
       "    </tr>\n",
       "  </tbody>\n",
       "</table>\n",
       "</div>"
      ]
     },
     "execution_count": 331,
     "metadata": {},
     "output_type": "execute_result"
    }
   ],
   "execution_count": 331
  },
  {
   "metadata": {
    "ExecuteTime": {
     "end_time": "2025-06-19T18:41:10.329142Z",
     "start_time": "2025-06-19T18:41:10.326198Z"
    }
   },
   "cell_type": "code",
   "source": "print(f\"chi squared/degrees of freedom: {(unrefined_model_stats['chi2'] / unrefined_model_stats['DoF']).item():.6f}\")",
   "id": "ef7f1bd4a7b22f57",
   "outputs": [
    {
     "name": "stdout",
     "output_type": "stream",
     "text": [
      "chi squared/degrees of freedom: 8.183025\n"
     ]
    }
   ],
   "execution_count": 332
  },
  {
